3.38554382324219e-05
6.11543655395508e-05
7.31945037841797e-05
4.43458557128906e-05
6.19888305664063e-05
3.91006469726563e-05
5.36441802978516e-05
1.95503234863281e-05
1.76429748535156e-05
5.68628311157227e-05
4.10079956054688e-05
3.17096710205078e-05
3.24249267578125e-05
4.51803207397461e-05
3.23057174682617e-05
3.06367874145508e-05
1.28746032714844e-05
-2.98023223876953e-06
4.76837158203125e-06
-7.15255737304688e-06
2.02655792236328e-06
2.74181365966797e-06
-2.30073928833008e-05
1.90734863281250e-05
2.80141830444336e-05
2.82526016235352e-05
2.98023223876953e-05
3.85046005249023e-05
1.99079513549805e-05
3.00407409667969e-05
3.30209732055664e-05
3.55243682861328e-05
4.43458557128906e-05
2.34842300415039e-05
5.47170639038086e-05
5.91278076171875e-05
1.66893005371094e-05
-3.57627868652344e-06
-8.58306884765625e-06
-2.98023223876953e-06
1.33514404296875e-05
8.34465026855469e-07
-1.63316726684570e-05
-4.76837158203125e-06
2.28881835937500e-05
3.25441360473633e-05
7.86781311035156e-06
0
-1.34706497192383e-05
2.06232070922852e-05
-6.79492950439453e-06
1.38282775878906e-05
4.14848327636719e-05
3.79085540771484e-05
4.14848327636719e-05
3.33786010742188e-05
4.95910644531250e-05
6.67572021484375e-05
6.47306442260742e-05
5.32865524291992e-05
5.04255294799805e-05
4.94718551635742e-05
3.49283218383789e-05
3.75509262084961e-05
2.26497650146484e-05
1.81198120117188e-05
2.07424163818359e-05
3.81469726562500e-06
-3.21865081787109e-06
-1.66893005371094e-06
1.78813934326172e-05
-8.34465026855469e-07
1.71661376953125e-05
-1.07288360595703e-06
9.53674316406250e-07
-1.54972076416016e-06
2.01463699340820e-05
1.94311141967773e-05
4.17232513427734e-05
3.63588333129883e-05
1.20401382446289e-05
3.79085540771484e-05
1.09672546386719e-05
1.95503234863281e-05
1.07288360595703e-06
1.74045562744141e-05
3.15904617309570e-05
1.18017196655273e-05
2.36034393310547e-05
2.47955322265625e-05
3.58819961547852e-05
2.43186950683594e-05
1.72853469848633e-05
2.02655792236328e-05
-1.01327896118164e-05
-3.73125076293945e-05
-1.45435333251953e-05
-1.65700912475586e-05
-1.21593475341797e-05
-1.41859054565430e-05
-3.02791595458984e-05
-1.47819519042969e-05
-1.41859054565430e-05
-1.28746032714844e-05
-2.32458114624023e-05
-2.00271606445313e-05
1.66893005371094e-06
-1.90734863281250e-06
-9.17911529541016e-06
-7.15255737304688e-06
-2.74181365966797e-06
-2.03847885131836e-05
-1.94311141967773e-05
-3.05175781250000e-05
-2.08616256713867e-05
-1.62124633789063e-05
-3.67164611816406e-05
-3.44514846801758e-05
-4.01735305786133e-05
-4.39882278442383e-05
-2.64644622802734e-05
-3.79085540771484e-05
-2.70605087280273e-05
-3.39746475219727e-05
-5.78165054321289e-05
-3.52859497070313e-05
-4.75645065307617e-05
-3.11136245727539e-05
-5.62667846679688e-05
-3.61204147338867e-05
-1.08480453491211e-05
-2.26497650146484e-05
-8.34465026855469e-07
-1.40666961669922e-05
-3.27825546264648e-05
-2.05039978027344e-05
-2.71797180175781e-05
-3.19480895996094e-05
-3.75509262084961e-05
-3.76701354980469e-05
-4.85181808471680e-05
-4.17232513427734e-05
-2.52723693847656e-05
-1.63316726684570e-05
-1.20401382446289e-05
-2.84910202026367e-05
-1.78813934326172e-05
-1.89542770385742e-05
-2.47955322265625e-05
-2.26497650146484e-05
-1.37090682983398e-05
-1.64508819580078e-05
-1.21593475341797e-05
0
7.51018524169922e-06
-2.71797180175781e-05
-2.21729278564453e-05
-9.29832458496094e-06
-1.20401382446289e-05
-7.74860382080078e-06
-1.25169754028320e-05
4.05311584472656e-06
1.25169754028320e-05
-5.60283660888672e-06
-8.10623168945313e-06
-1.07288360595703e-05
1.78813934326172e-06
-2.92062759399414e-05
5.29289245605469e-05
-2.83718109130859e-05
0.000123500823974609
-7.41481781005859e-05
0.000236272811889648
-0.000205397605895996
0.000416159629821777
-0.000379800796508789
0.000601410865783691
-0.000618219375610352
0.000852704048156738
-0.000877618789672852
0.00114214420318604
-0.00110280513763428
0.00130784511566162
-0.00112330913543701
0.00129187107086182
-0.000923871994018555
0.000871658325195313
-0.000346302986145020
-3.93390655517578e-05
0.000895023345947266
-0.00169956684112549
0.00300240516662598
-0.00432574748992920
0.00640201568603516
-0.00872135162353516
0.0122509002685547
-0.0172680616378784
0.0268417596817017
-0.0373377799987793
-0.0398129224777222
0.0534942150115967
-0.00860381126403809
0.0185930728912354
0.0137192010879517
0.00423324108123779
0.00340259075164795
0.000570416450500488
-0.0115193128585815
-0.00303924083709717
0.00346851348876953
-0.00445246696472168
-0.00412726402282715
-0.00433230400085449
-0.00204217433929443
0.00557279586791992
0.00330758094787598
0.00299751758575439
0.00380575656890869
-0.00172817707061768
-0.00227379798889160
-0.00471735000610352
-0.00357055664062500
-0.00169301033020020
0.00199449062347412
0.00240230560302734
-0.000619530677795410
-0.00175809860229492
-0.00179123878479004
-0.00384914875030518
-0.00198900699615479
-0.00109970569610596
0.000891208648681641
-0.000172495841979980
0.000273942947387695
-0.00122570991516113
-0.00159680843353271
4.49419021606445e-05
-4.93526458740234e-05
-0.00123655796051025
1.06096267700195e-05
-0.000841259956359863
-0.000293254852294922
-0.000209450721740723
-0.000742316246032715
0.000308513641357422
-0.000506043434143066
-7.31945037841797e-05
0.00111556053161621
0.00138771533966064
0.000400781631469727
-0.000397562980651855
-0.00227928161621094
-0.000934362411499023
-0.00463640689849854
-0.00131309032440186
0.00190412998199463
0.00815176963806152
-0.000234484672546387
0.00110673904418945
0.00406205654144287
-0.00299620628356934
0.00130462646484375
-0.00200641155242920
0.00295162200927734
-5.03063201904297e-05
-0.00536882877349854
0.000986576080322266
0.00526165962219238
-0.000680685043334961
0.00158309936523438
-0.00163817405700684
0.000460505485534668
0.00124347209930420
-0.00198936462402344
0.00266325473785400
-0.000825643539428711
0.00151824951171875
0.000205278396606445
0.00126624107360840
0.000148296356201172
-0.00196492671966553
0.00213551521301270
-0.000417709350585938
-0.000628352165222168
0.00140762329101563
-0.000141620635986328
-0.000297188758850098
0.000174283981323242
0.00104200839996338
-0.000377058982849121
-0.00120341777801514
0.00138843059539795
-0.000676989555358887
0.000339746475219727
-0.000122070312500000
0.000538587570190430
-0.000157952308654785
-0.000626444816589356
0.00121784210205078
-0.000689506530761719
0.000195980072021484
0.00111281871795654
0.000196456909179688
-0.00102126598358154
0.000814557075500488
4.81605529785156e-05
0.000233292579650879
-0.00115025043487549
-0.000968217849731445
0.000817060470581055
-0.000803589820861816
2.52723693847656e-05
0.00115895271301270
0.000333786010742188
-0.000617861747741699
-0.000206828117370605
-3.82661819458008e-05
0.000287771224975586
0.000247240066528320
0.000308752059936523
-0.000158548355102539
-0.000672101974487305
-0.000823378562927246
0.000243425369262695
0.000149250030517578
-3.99351119995117e-05
0.000470280647277832
-0.000992536544799805
-0.000232934951782227
0.000495553016662598
-5.86509704589844e-05
0.000634074211120606
0.000809669494628906
-0.000702619552612305
0.000113129615783691
0.000271320343017578
-0.000423431396484375
-0.000387072563171387
0.000109791755676270
0.000342845916748047
-0.000114679336547852
-0.000143170356750488
-0.000870943069458008
0.000307679176330566
-0.000765323638916016
-0.000426888465881348
-0.00159931182861328
-0.000564098358154297
0.00384318828582764
0.000895142555236816
0.000122904777526855
0.000212788581848145
0.00112807750701904
0.00110626220703125
0.000119686126708984
-0.000385642051696777
0.000334858894348145
-0.000177025794982910
-0.00162374973297119
-0.00110387802124023
-0.00170731544494629
-1.49011611938477e-05
-0.00118947029113770
0.000262260437011719
0.000373244285583496
-0.000274658203125000
0.000215291976928711
-0.000369429588317871
-3.69548797607422e-06
0.000569820404052734
-0.000324606895446777
-0.00190103054046631
-0.00151443481445313
-0.00115704536437988
-0.000908136367797852
0.000234603881835938
0.000728368759155273
0.00272846221923828
-0.00219643115997314
-0.00253593921661377
0.00229609012603760
-0.000353217124938965
-0.000207662582397461
2.53915786743164e-05
0.00208103656768799
0.000606060028076172
-0.00150001049041748
-0.000199675559997559
-0.000323653221130371
-0.00129115581512451
-0.00111329555511475
0.000111103057861328
-0.000102043151855469
4.52995300292969e-05
0.00228905677795410
-0.00171673297882080
0.00130832195281982
0.00108397006988525
0.000757813453674316
-0.00169301033020020
-0.00424873828887939
0.00112879276275635
0.000813007354736328
0.000135421752929688
0.000187993049621582
0.00360453128814697
0.00121533870697021
0.000199317932128906
-0.000890970230102539
-0.00152683258056641
1.66893005371094e-05
-0.00148284435272217
0.000219583511352539
-0.000259876251220703
0.000244498252868652
0.00101590156555176
-0.000993132591247559
0.00122344493865967
-0.00140976905822754
0.000840663909912109
-0.000356793403625488
-0.000386118888854980
-0.000604748725891113
-0.000643610954284668
-0.000615000724792481
-0.000493884086608887
-0.000549912452697754
0.00320315361022949
-0.00251829624176025
-0.00511336326599121
0.00718986988067627
-0.00116884708404541
0.000816941261291504
0.00251996517181397
-0.000887513160705566
0.00131857395172119
-0.00212132930755615
-0.00105857849121094
-0.000435113906860352
-0.00292956829071045
0.00348579883575439
0.000808835029602051
-0.00110077857971191
-0.000816226005554199
0.00195074081420898
4.27961349487305e-05
-0.00207722187042236
0.00519311428070068
-0.000711083412170410
0.00139296054840088
-0.000370740890502930
-0.00375449657440186
0.000731229782104492
-0.000923395156860352
0.00110542774200439
0.00149023532867432
0.00166618824005127
0.000657677650451660
-0.00225102901458740
-9.04798507690430e-05
-0.000513434410095215
0.000303387641906738
0.000915765762329102
0.00118982791900635
-0.000747919082641602
-0.00116217136383057
0.000624418258666992
-0.00399899482727051
0.00396680831909180
-0.00145649909973145
-0.00198674201965332
0.00357878208160400
-0.00117731094360352
0.00180768966674805
0.000111937522888184
0.00296795368194580
0.000562548637390137
0.00223875045776367
-0.00275528430938721
0.00119304656982422
-0.00454092025756836
0.000398874282836914
0.000632762908935547
-0.00154507160186768
0.00345098972320557
-0.00625157356262207
0.00538754463195801
0.00153076648712158
0.00259494781494141
-0.000351786613464355
-0.000270962715148926
0.00233626365661621
-0.00155901908874512
0.000338792800903320
0.00205683708190918
0.00138390064239502
-0.00175487995147705
-0.000289440155029297
-0.00107932090759277
-0.000936985015869141
0.00265479087829590
-0.00199532508850098
-0.00223648548126221
0.00225651264190674
0.00196707248687744
0.00140202045440674
-0.000295996665954590
0.00192916393280029
-0.000450491905212402
-0.00194585323333740
-0.00237560272216797
6.25848770141602e-05
-0.000661849975585938
0.00142490863800049
0.000339150428771973
-0.00246465206146240
0.00227415561676025
-0.00211858749389648
-0.000764966011047363
0.000497937202453613
0.00108420848846436
0.00266635417938232
0.00356626510620117
0.00116193294525146
-0.00141024589538574
-0.00113749504089355
-0.000590682029724121
-7.48634338378906e-05
-0.00154316425323486
-0.00107371807098389
-0.00108873844146729
-0.000908970832824707
-0.00237524509429932
0.00272703170776367
8.65459442138672e-05
0.00160622596740723
0.00233364105224609
-3.87430191040039e-05
0.000989913940429688
0.00102293491363525
0.00160348415374756
-0.00185525417327881
0.00164556503295898
-0.00207960605621338
9.47713851928711e-05
-0.00293982028961182
-0.00148689746856689
0.000524044036865234
0.000600576400756836
0.000473380088806152
0.000954270362854004
0.000844717025756836
-0.00365400314331055
0.00180387496948242
-0.00250792503356934
0.00326240062713623
0.000700592994689941
0.00117981433868408
-0.00114595890045166
-0.00197386741638184
0.00198721885681152
-0.00174665451049805
0.000733494758605957
-0.00267076492309570
5.59091567993164e-05
-0.000396966934204102
-0.000624179840087891
0.000294327735900879
6.25848770141602e-05
-0.000510334968566895
0.000177979469299316
-0.000565052032470703
-0.000246047973632813
-0.00136363506317139
-0.00180792808532715
5.67436218261719e-05
-4.62532043457031e-05
0.000128269195556641
-0.00232183933258057
0.00225675106048584
0.000184893608093262
-0.000572562217712402
-0.000890731811523438
-0.000524878501892090
0.000946402549743652
-0.00237798690795898
0.00195968151092529
-0.00106370449066162
-0.000388026237487793
0.00108170509338379
-0.00345838069915772
0.00172126293182373
0.00196313858032227
-0.00198388099670410
0.000512242317199707
-0.000789523124694824
0.000891685485839844
0.000460863113403320
0.000111937522888184
0.00168049335479736
-0.000769495964050293