2.89678573608398e-05
2.15768814086914e-05
3.14712524414063e-05
1.87158584594727e-05
1.93119049072266e-05
1.72853469848633e-05
2.09808349609375e-05
3.06367874145508e-05
1.71661376953125e-05
2.74181365966797e-05
-5.72204589843750e-06
-9.05990600585938e-06
-1.23977661132813e-05
0
-2.02655792236328e-06
-3.09944152832031e-06
1.18017196655273e-05
1.21593475341797e-05
1.90734863281250e-06
-2.30073928833008e-05
-2.98023223876953e-05
-3.57627868652344e-07
-1.56164169311523e-05
-1.33514404296875e-05
-4.88758087158203e-06
9.65595245361328e-06
3.27825546264648e-05
2.57492065429688e-05
3.54051589965820e-05
3.20672988891602e-05
5.19752502441406e-05
7.14063644409180e-05
5.49554824829102e-05
7.70092010498047e-05
4.82797622680664e-05
4.04119491577148e-05
4.27961349487305e-05
1.28746032714844e-05
1.56164169311523e-05
-1.63316726684570e-05
-3.24249267578125e-05
-2.86102294921875e-06
-1.81198120117188e-05
-3.69548797607422e-05
-1.75237655639648e-05
-1.80006027221680e-05
1.53779983520508e-05
-4.76837158203125e-06
-6.55651092529297e-06
2.14576721191406e-06
1.23977661132813e-05
8.34465026855469e-07
-1.01327896118164e-05
2.33650207519531e-05
2.22921371459961e-05
1.40666961669922e-05
2.93254852294922e-05
3.87430191040039e-05
3.32593917846680e-05
4.04119491577148e-05
6.12735748291016e-05
6.58035278320313e-05
6.50882720947266e-05
7.99894332885742e-05
5.16176223754883e-05
4.08887863159180e-05
4.20808792114258e-05
4.42266464233398e-05
3.57627868652344e-05
2.92062759399414e-05
2.30073928833008e-05
3.94582748413086e-05
4.79221343994141e-05
3.21865081787109e-05
2.62260437011719e-05
3.19480895996094e-05
3.24249267578125e-05
3.02791595458984e-05
3.58819961547852e-05
4.81605529785156e-05
3.65972518920898e-05
2.13384628295898e-05
1.76429748535156e-05
7.15255737304688e-07
1.14440917968750e-05
1.00135803222656e-05
1.80006027221680e-05
1.89542770385742e-05
7.74860382080078e-06
-1.44243240356445e-05
-2.50339508056641e-05
-1.77621841430664e-05
-3.24249267578125e-05
-3.88622283935547e-05
-4.79221343994141e-05
-3.37362289428711e-05
-3.13520431518555e-05
-3.05175781250000e-05
-2.98023223876953e-05
-2.69412994384766e-05
-5.60283660888672e-06
-4.76837158203125e-06
-1.01327896118164e-05
-1.77621841430664e-05
5.96046447753906e-07
-9.29832458496094e-06
-1.75237655639648e-05
-6.19888305664063e-06
9.89437103271484e-06
2.90870666503906e-05
3.31401824951172e-05
2.47955322265625e-05
5.00679016113281e-06
-1.20401382446289e-05
-9.41753387451172e-06
-2.38418579101563e-06
-4.60147857666016e-05
-2.26497650146484e-05
-2.50339508056641e-06
2.38418579101563e-07
-5.12599945068359e-06
-2.88486480712891e-05
-1.66893005371094e-05
-2.57492065429688e-05
-1.46627426147461e-05
-2.53915786743164e-05
-2.56299972534180e-05
-3.79085540771484e-05
-3.03983688354492e-05
-5.75780868530273e-05
-4.13656234741211e-05
-2.67028808593750e-05
-4.30345535278320e-05
-2.84910202026367e-05
-5.93662261962891e-05
-1.65700912475586e-05
-7.62939453125000e-06
-1.02519989013672e-05
3.57627868652344e-06
3.45706939697266e-06
-8.34465026855469e-06
-2.55107879638672e-05
-1.87158584594727e-05
-4.79221343994141e-05
-3.62396240234375e-05
-2.95639038085938e-05
-4.26769256591797e-05
-1.44243240356445e-05
-2.25305557250977e-05
-1.59740447998047e-05
-3.39746475219727e-05
-2.40802764892578e-05
-2.21729278564453e-05
-4.02927398681641e-05
-4.27961349487305e-05
-5.80549240112305e-05
-4.54187393188477e-05
-4.52995300292969e-05
-3.09944152832031e-06
-4.29153442382813e-06
4.13656234741211e-05
1.20401382446289e-05
6.48498535156250e-05
-2.38418579101563e-07
4.31537628173828e-05
-7.67707824707031e-05
4.78029251098633e-05
-7.20024108886719e-05
0.000113248825073242
-0.000131368637084961
0.000142931938171387
-0.000150442123413086
0.000180006027221680
-0.000135421752929688
0.000113248825073242
-1.53779983520508e-05
-7.18832015991211e-05
0.000259280204772949
-0.000416398048400879
0.000782489776611328
-0.00103271007537842
0.00155639648437500
-0.00199091434478760
0.00263488292694092
-0.00314486026763916
0.00393557548522949
-0.00448787212371826
0.00524556636810303
-0.00568354129791260
0.00629770755767822
-0.00645112991333008
0.00662410259246826
-0.00613605976104736
0.00537312030792236
-0.00362682342529297
0.000875353813171387
0.00433814525604248
-0.0143340826034546
0.0401197671890259
-0.124175548553467
0.0293020009994507
0.0622996091842651
-0.00468182563781738
0.0442302227020264
-0.0167679786682129
0.00458788871765137
-0.0119153261184692
-0.00919950008392334
-0.0226676464080811
0.00487411022186279
0.0200270414352417
0.00280535221099854
-0.000455617904663086
-0.00174641609191895
-0.0111141204833984
-0.00226116180419922
0.000152587890625000
0.00711178779602051
0.00581693649291992
-0.00181329250335693
-0.000662803649902344
-0.00332641601562500
-0.00296652317047119
0.00100016593933105
0.000307440757751465
-0.000103831291198730
-0.00179314613342285
-0.00361895561218262
-0.00593066215515137
-0.00233149528503418
0.00307536125183105
0.00459766387939453
0.00205814838409424
-0.000893712043762207
-0.00427758693695068
-0.00437891483306885
-0.00223684310913086
0.000392675399780273
0.000779151916503906
0.00165176391601563
0.00327610969543457
-0.00109434127807617
-0.000880956649780273
-0.000642895698547363
-0.00102448463439941
-0.000942230224609375
-0.000466823577880859
0.00112187862396240
0.000841498374938965
0.00173449516296387
0.000135064125061035
0.00213456153869629
-0.00571703910827637
-0.00569307804107666
0.00168633460998535
0.00422227382659912
0.00289881229400635
0.00312530994415283
0.00653827190399170
-0.00550901889801025
0.000642895698547363
-0.00149726867675781
0.000916600227355957
0.000427603721618652
0.00134503841400146
0.00309562683105469
-0.000723838806152344
0.000169396400451660
-0.00204396247863770
0.00251877307891846
-0.00495576858520508
0.000408887863159180
0.00295054912567139
0.00179970264434814
3.05175781250000e-05
-0.00233054161071777
0.00202476978302002
0.00257682800292969
0.000131249427795410
0.00101816654205322
0.00317370891571045
0.000225067138671875
-0.00184416770935059
-0.00157964229583740
-0.000713586807250977
-0.000303626060485840
0.000493645668029785
0.00215387344360352
0.00184941291809082
0.000107884407043457
-0.00108671188354492
-0.000400424003601074
0.000477790832519531
0.000529646873474121
0.00126218795776367
-0.00110256671905518
-0.000450730323791504
-0.000824093818664551
-0.000692725181579590
0.000702142715454102
0.00127518177032471
0.00215446949005127
0.000307798385620117
0.000205397605895996
0.000419497489929199
-0.000710368156433106
-0.000708818435668945
-0.000755190849304199
-0.000723719596862793
0.000207901000976563
-0.000332951545715332
0.000388264656066895
0.000409603118896484
-0.000353217124938965
7.84397125244141e-05
-0.000195980072021484
-9.41753387451172e-05
9.20295715332031e-05
0.000268578529357910
-4.43458557128906e-05
9.60826873779297e-05
-0.000149726867675781
0.000219464302062988
0.000245094299316406
-0.000195145606994629
-0.000584959983825684
-0.000933766365051270
-0.000841021537780762
-0.000858545303344727
-0.000248312950134277
0.00105559825897217
0.00120043754577637
0.000866651535034180
-7.58171081542969e-05
7.96318054199219e-05
-0.000282406806945801
-9.62018966674805e-05
3.79085540771484e-05
0.000456929206848145
-0.000760674476623535
-0.000212550163269043
-0.000431537628173828
-0.00107026100158691
0.00254225730895996
-0.00138437747955322
-0.00260984897613525
-0.00101602077484131
0.000290393829345703
0.000868797302246094
0.000221490859985352
0.00186789035797119
0.00188350677490234
0.00165140628814697
0.000660657882690430
-0.00124824047088623
-0.000202894210815430
-4.31537628173828e-05
-0.000432372093200684
-0.000129461288452148
-0.000750184059143066
-0.000910997390747070
-0.000690579414367676
-0.00265693664550781
-0.000235557556152344
0.000460028648376465
-2.40802764892578e-05
0.000684499740600586
-0.000673532485961914
0.000924348831176758
-0.00116503238677979
-0.000463962554931641
0.000169873237609863
-0.00180590152740479
-0.00201153755187988
-0.00108766555786133
0.000408053398132324
0.000655412673950195
0.000322103500366211
0.000597119331359863
0.00100100040435791
0.00189805030822754
-0.00412464141845703
-0.00170433521270752
0.000429391860961914
0.000806570053100586
0.00198686122894287
0.000220298767089844
0.00159311294555664
-0.00154078006744385
-0.000953078269958496
-0.00181519985198975
0.000399827957153320
-0.000407099723815918
0.000952720642089844
0.000187516212463379
0.000333786010742188
0.000350356101989746
0.000756859779357910
-0.00369358062744141
-0.00228738784790039
0.00367152690887451
0.000668406486511231
0.00163173675537109
-0.00243878364562988
0.000466227531433105
0.000706791877746582
0.00102090835571289
-0.000289916992187500
0.00118434429168701
0.00228393077850342
-0.000351905822753906
-0.00142765045166016
-0.00285995006561279
-0.000230073928833008
-0.000385046005249023
0.000827431678771973
0.000165104866027832
0.00106382369995117
-0.00124704837799072
0.000571489334106445
0.000222206115722656
0.00122797489166260
-0.000156879425048828
-0.00242722034454346
-0.000158548355102539
-0.00355279445648193
-0.00105452537536621
0.000511765480041504
0.00253009796142578
0.00236880779266357
0.00167417526245117
-0.000102281570434570
-0.000801444053649902
-0.000439763069152832
0.00102794170379639
-0.00577771663665772
-0.00266301631927490
0.00465083122253418
-0.000973105430603027
0.00306832790374756
0.00205242633819580
-0.00216388702392578
0.00179362297058105
-0.00115382671356201
-0.00419080257415772
0.000472545623779297
0.00267934799194336
0.000290513038635254
-0.000978708267211914
0.000403881072998047
0.000926613807678223
0.00125849246978760
-0.00257170200347900
0.000724673271179199
0.00336122512817383
-3.25441360473633e-05
-0.000718235969543457
0.000293493270874023
-0.00114178657531738
0.000389456748962402
0.000408172607421875
-0.000205993652343750
-0.000817537307739258
0.000821828842163086
0.000513792037963867
0.000320434570312500
0.000342726707458496
-0.000944852828979492
0.00159752368927002
-0.000170826911926270
0.00134837627410889
-0.000603795051574707
-0.00181519985198975
-0.000166654586791992
0.00141835212707520
-0.00244438648223877
-0.000870704650878906
0.00130093097686768
0.00200188159942627
0.00276112556457520
0.00198364257812500
0.000996470451354981
-0.000242352485656738
0.000618457794189453
-0.00399541854858398
0.00208461284637451
-0.00201702117919922
-0.00217866897583008
0.00119566917419434
-0.000428438186645508
-0.000787258148193359
0.00247073173522949
0.00437057018280029
-5.07831573486328e-05
0.00158441066741943
-0.00116121768951416
0.00172722339630127
0.000590682029724121
-0.000142335891723633
0.00113224983215332
0.000627756118774414
-0.000285625457763672
-0.000793814659118652
-0.00125861167907715
-0.00174152851104736
0.000657916069030762
-0.000457286834716797
-5.17368316650391e-05
0.00256824493408203
0.000556468963623047
-0.000309586524963379
0.000849843025207520
-0.000377535820007324
-0.000702738761901856
-0.00138270854949951
3.21865081787109e-05
0.000521898269653320
-0.000680685043334961
-0.00161576271057129
-0.000636935234069824
-2.19345092773438e-05
0.000565886497497559
-0.000441312789916992
-0.000483036041259766
0.00227737426757813
0.000380992889404297
0.00176227092742920
0.00203382968902588
0.000250339508056641
0.00141024589538574
-0.00244843959808350
-0.00101280212402344
-0.00184404850006104
-0.00321471691131592
0.00113236904144287
-0.00278401374816895
0.000539064407348633
0.00275850296020508
0.000343680381774902
0.00184154510498047
0.00194764137268066
0.00155150890350342
0.000360369682312012
0.000205636024475098
-0.000681519508361816
5.63859939575195e-05
-0.00102758407592773
-0.000643372535705566
-0.00171577930450439
-0.00103521347045898
0.00153243541717529
-3.26633453369141e-05
0.000249147415161133
0.000181078910827637
0.000391840934753418
0.000332832336425781
0.000597834587097168
0.000321865081787109
-0.00162732601165771
-0.000561475753784180
-0.000201702117919922
0.000399589538574219
-1.58548355102539e-05
3.26633453369141e-05
0.00146675109863281
-0.00116300582885742
-0.000243186950683594
-0.00191950798034668
-0.000630855560302734
-2.88486480712891e-05
0.000124454498291016
-0.000898122787475586
-0.000891447067260742
0.00120031833648682
-0.00136017799377441
0.000162482261657715
-0.00139844417572021
0.000982999801635742
0.000322222709655762
-0.00142586231231689
-0.000739216804504395
-0.00180232524871826
-0.000207901000976563
-0.000303506851196289
-0.00154232978820801
0.00104832649230957
0.00183200836181641
0.000923991203308106
0.000855684280395508
-0.000377416610717773
-0.000884771347045898
-0.00240790843963623
0.000834822654724121
5.47170639038086e-05
5.88893890380859e-05
0.000576853752136231
-0.00143790245056152
-0.00156164169311523
-0.000739097595214844
0.00143158435821533
-0.000230908393859863