-0.00144203430135561
-0.00179538510750005
-0.00257221065326031
-0.00385465489226903
-0.00569240041452193
-0.00809604622992192
-0.0110333323219854
-0.0144286251572341
-0.0181658170613359
-0.0220945125603710
-0.0260391002065117
-0.0298100627039977
-0.0332166827503992
-0.0360801742135507
-0.0382462196998073
-0.0395959311132885
0.961304810862089
-0.0395959311132885
-0.0382462196998073
-0.0360801742135507
-0.0332166827503992
-0.0298100627039977
-0.0260391002065117
-0.0220945125603710
-0.0181658170613359
-0.0144286251572341
-0.0110333323219854
-0.00809604622992192
-0.00569240041452193
-0.00385465489226903
-0.00257221065326031
-0.00179538510750005
-0.00144203430135561